0 0.25859375 0.490625 0.0890625 0.2546875
0 0.4859375 0.63359375 0.08828125 0.24140625
0 0.6203125 0.53984375 0.10625 0.2203125
0 0.8171875 0.43984375 0.15078125 0.28984375
0 0.72109375 0.80234375 0.1921875 0.30625
0 0.85390625 0.68359375 0.09609375 0.1625
0 0.9390625 0.459375 0.121875 0.215625
0 0.82265625 0.2046875 0.1140625 0.2453125
0 0.66328125 0.22578125 0.06484375 0.1890625
0 0.60703125 0.365625 0.08671875 0.2125
0 0.46484375 0.36171875 0.06171875 0.2109375
0 0.4515625 0.121875 0.08359375 0.24375
0 0.60625 0.08671875 0.075 0.1734375
0 0.803125 0.08203125 0.1125 0.1640625
0 0.9578125 0.09609375 0.08359375 0.1921875
0 0.96328125 0.21875 0.0734375 0.24375
0 0.08671875 0.89609375 0.1734375 0.2078125
0 0.39609375 0.91015625 0.23203125 0.1796875