0 0.3578125 0.63203125 0.08125 0.14453125
0 0.19453125 0.7703125 0.1125 0.14140625
0 0.04765625 0.6703125 0.09453125 0.13828125
0 0.2703125 0.3171875 0.13359375 0.26796875
0 0.46796875 0.28046875 0.07734375 0.1921875
0 0.21640625 0.10390625 0.1640625 0.2078125
0 0.41796875 0.0890625 0.0921875 0.178125
0 0.6703125 0.1 0.09296875 0.19921875
0 0.72890625 0.22421875 0.13828125 0.2515625
0 0.8625 0.17890625 0.109375 0.17265625
0 0.70546875 0.52890625 0.10703125 0.153125
0 0.8453125 0.46015625 0.128125 0.17265625
0 0.7453125 0.7265625 0.09921875 0.10859375
0 0.5171875 0.85 0.11953125 0.1578125
0 0.953125 0.58984375 0.09375 0.1546875
0 0.959375 0.93203125 0.08125 0.1265625
0 0.96484375 0.315625 0.0703125 0.1875
0 0.54296875 0.50390625 0.06796875 0.1328125