0 0.35859375 0.41953125 0.08828125 0.3390625
0 0.2671875 0.52734375 0.1578125 0.44296875
0 0.790625 0.79765625 0.1296875 0.36640625
0 0.7015625 0.18359375 0.10625 0.3625
0 0.63984375 0.89140625 0.1140625 0.2171875
0 0.590625 0.30625 0.0859375 0.33671875
0 0.49296875 0.50703125 0.12421875 0.50546875
0 0.928125 0.55859375 0.14296875 0.38359375
0 0.88046875 0.44375 0.07421875 0.21953125
0 0.68828125 0.5046875 0.06875 0.2265625
0 0.8484375 0.30859375 0.0828125 0.2515625
0 0.48359375 0.2890625 0.0578125 0.17421875
0 0.53828125 0.47734375 0.046875 0.2734375
0 0.75859375 0.3828125 0.06328125 0.1921875
0 0.7484375 0.296875 0.059375 0.159375
0 0.97890625 0.87890625 0.0421875 0.2421875
0 0.484375 0.1796875 0.0515625 0.13515625