0 0.17734375 0.6859375 0.14296875 0.38125
0 0.6109375 0.8828125 0.13046875 0.22734375
0 0.753125 0.67734375 0.13984375 0.2734375
0 0.52265625 0.60390625 0.09921875 0.23125
0 0.6046875 0.503125 0.103125 0.25703125
0 0.628125 0.72421875 0.11953125 0.24765625
0 0.06875 0.24765625 0.06015625 0.209375
0 0.15 0.52109375 0.09296875 0.29765625
0 0.29609375 0.52421875 0.0734375 0.22734375
0 0.49140625 0.39765625 0.0671875 0.1640625
0 0.36640625 0.62890625 0.13203125 0.35
0 0.1640625 0.34296875 0.059375 0.15625
0 0.2015625 0.29140625 0.0375 0.1625
0 0.2625 0.17578125 0.096875 0.27734375
0 0.4078125 0.26328125 0.06171875 0.18203125
0 0.2546875 0.3328125 0.09375 0.2796875
0 0.4015625 0.396875 0.07734375 0.18671875
0 0.35390625 0.31953125 0.0609375 0.190625
0 0.55546875 0.275 0.07421875 0.21328125
0 0.7984375 0.43046875 0.18515625 0.3140625
0 0.4265625 0.471875 0.0328125 0.1109375
0 0.6828125 0.26171875 0.1515625 0.30546875