0 0.81796875 0.31484375 0.10703125 0.32265625
0 0.7546875 0.540625 0.17890625 0.29296875
0 0.46015625 0.81640625 0.07734375 0.23984375
0 0.29296875 0.70546875 0.10390625 0.2171875
0 0.24375 0.90625 0.2578125 0.1875
0 0.159375 0.7734375 0.08125 0.1546875
0 0.034375 0.7515625 0.06171875 0.1640625
0 0.39375 0.34296875 0.075 0.21875
0 0.5140625 0.41328125 0.07890625 0.340625
0 0.58828125 0.6140625 0.09375 0.278125
0 0.409375 0.5703125 0.1140625 0.2171875
0 0.22890625 0.6125 0.08671875 0.14140625
0 0.29453125 0.5203125 0.08515625 0.17734375
0 0.5859375 0.45 0.08515625 0.1