0 0.16796875 0.83203125 0.16875 0.3359375
0 0.1578125 0.6328125 0.2578125 0.221875
0 0.24296875 0.49453125 0.096875 0.23671875
0 0.21796875 0.275 0.078125 0.128125
0 0.2578125 0.353125 0.07109375 0.16484375
0 0.32265625 0.3359375 0.06015625 0.14140625
0 0.37734375 0.2328125 0.06015625 0.16484375
0 0.38203125 0.38671875 0.1015625 0.23203125
0 0.40703125 0.64296875 0.13515625 0.30390625
0 0.44140625 0.8734375 0.19296875 0.1015625
0 0.6234375 0.7984375 0.1171875 0.2125
0 0.72578125 0.8359375 0.18828125 0.1203125
0 0.6421875 0.4125 0.09453125 0.184375
0 0.51484375 0.52734375 0.090625 0.221875
0 0.45546875 0.39609375 0.07109375 0.1640625
0 0.5109375 0.215625 0.1296875 0.26171875
0 0.6359375 0.2578125 0.1328125 0.253125
0 0.5703125 0.40625 0.04921875 0.1015625
0 0.584375 0.6375 0.12109375 0.1
0 0.46796875 0.70390625 0.08046875 0.1453125
0 0.49296875 0.45234375 0.0625 0.1140625