0 0.17265625 0.4375 0.203125 0.1515625
0 0.5 0.6203125 0.1140625 0.20859375
0 0.46484375 0.79921875 0.15546875 0.2828125
0 0.7296875 0.715625 0.22734375 0.13125
0 0.909375 0.54375 0.17265625 0.23671875
0 0.88125 0.809375 0.2375 0.38125
0 0.56484375 0.4140625 0.13359375 0.23671875
0 0.4265625 0.3421875 0.1015625 0.25859375
0 0.31640625 0.1953125 0.128125 0.34375
0 0.1890625 0.17109375 0.18203125 0.20234375
0 0.5640625 0.20703125 0.1484375 0.3359375
0 0.19609375 0.05 0.09609375 0.1
0 0.409375 0.03515625 0.07734375 0.0703125
0 0.6390625 0.07109375 0.071875 0.1421875
0 0.70234375 0.303125 0.10703125 0.1890625
0 0.85234375 0.3359375 0.1953125 0.13671875
0 0.02421875 0.03203125 0.0484375 0.0640625