0 0.18671875 0.8125 0.075 0.20546875
0 0.2859375 0.79296875 0.09453125 0.26484375
0 0.1765625 0.95859375 0.065625 0.0828125
0 0.03828125 0.92265625 0.07578125 0.1484375
0 0.33359375 0.975 0.0484375 0.05
0 0.421875 0.90234375 0.0734375 0.1921875
0 0.5375 0.92421875 0.0546875 0.1515625
0 0.7109375 0.79296875 0.0734375 0.24375
0 0.6078125 0.51875 0.11953125 0.32578125
0 0.803125 0.53515625 0.128125 0.346875
0 0.41328125 0.60625 0.09453125 0.275
0 0.43515625 0.7890625 0.06953125 0.1859375
0 0.20703125 0.64609375 0.059375 0.190625
0 0.3046875 0.71796875 0.05546875 0.153125
0 0.54140625 0.73671875 0.0625 0.19609375