0 0.10234375 0.70625 0.20390625 0.22734375
0 0.09609375 0.44765625 0.15859375 0.2203125
0 0.26640625 0.41953125 0.1640625 0.19375
0 0.36875 0.66484375 0.20625 0.19609375
0 0.53203125 0.66875 0.140625 0.11484375
0 0.6921875 0.903125 0.21328125 0.11875
0 0.87734375 0.7265625 0.2453125 0.23828125
0 0.69453125 0.65234375 0.16640625 0.1265625
0 0.7703125 0.46015625 0.2296875 0.190625
0 0.62265625 0.5125 0.14921875 0.14765625
0 0.52578125 0.49921875 0.15390625 0.14140625
0 0.4078125 0.41171875 0.128125 0.14140625
0 0.58515625 0.29375 0.203125 0.21015625
0 0.6484375 0.321875 0.12265625 0.1234375
0 0.68515625 0.1671875 0.1359375 0.1171875
0 0.54765625 0.17265625 0.14609375 0.17890625
0 0.38984375 0.20546875 0.15078125 0.19921875
0 0.246875 0.1359375 0.19375 0.271875
0 0.3796875 0.06171875 0.11796875 0.1234375
0 0.89296875 0.96015625 0.2140625 0.0796875
0 0.18828125 0.0296875 0.10078125 0.05390625