0 0.14921875 0.43046875 0.1484375 0.32578125
0 0.26796875 0.31015625 0.078125 0.2515625
0 0.3046875 0.5265625 0.11171875 0.32109375
0 0.4 0.4203125 0.06796875 0.2125
0 0.28515625 0.92109375 0.07734375 0.1578125
0 0.45390625 0.85546875 0.07734375 0.2203125
0 0.62421875 0.921875 0.1140625 0.15625
0 0.684375 0.66953125 0.1171875 0.25
0 0.4953125 0.66015625 0.0703125 0.21875
0 0.7421875 0.490625 0.0734375 0.17109375
0 0.5359375 0.49765625 0.0546875 0.16796875
0 0.63515625 0.41328125 0.08046875 0.19765625
0 0.79765625 0.30390625 0.08828125 0.20546875
0 0.9453125 0.428125 0.109375 0.240625
0 0.68046875 0.31171875 0.06171875 0.1953125
0 0.4328125 0.22734375 0.05390625 0.20859375
0 0.528125 0.246875 0.07265625 0.26484375
0 0.7 0.1328125 0.1171875 0.25859375
0 0.4875 0.08984375 0.04453125 0.1796875
0 0.5734375 0.184375 0.03984375 0.1640625
0 0.91875 0.14296875 0.16171875 0.2859375