0 0.11328125 0.6953125 0.16640625 0.32421875
0 0.35078125 0.67421875 0.11640625 0.30625
0 0.64609375 0.859375 0.1203125 0.20703125
0 0.83828125 0.8359375 0.17421875 0.2453125
0 0.56953125 0.65390625 0.096875 0.21015625
0 0.7140625 0.5375 0.13828125 0.253125
0 0.4859375 0.478125 0.0703125 0.17109375
0 0.33828125 0.48125 0.07578125 0.1921875
0 0.15390625 0.4765625 0.10078125 0.26953125
0 0.240625 0.2703125 0.06796875 0.221875
0 0.3546875 0.234375 0.09296875 0.278125
0 0.49453125 0.21484375 0.06953125 0.20078125
0 0.6375 0.34609375 0.07578125 0.17421875
0 0.765625 0.1796875 0.1140625 0.2453125
0 0.58671875 0.13984375 0.07734375 0.2140625
0 0.51953125 0.33203125 0.08359375 0.19375
0 0.18671875 0.09609375 0.065625 0.1921875
0 0.32109375 0.15390625 0.04921875 0.17109375
0 0.42578125 0.0875 0.0984375 0.175
0 0.76875 0.04453125 0.1375 0.0890625
0 0.57890625 0.0359375 0.13046875 0.07109375