0 0.0828125 0.64921875 0.11484375 0.3171875
0 0.11796875 0.49375 0.0703125 0.1578125
0 0.23125 0.609375 0.09140625 0.21875
0 0.20859375 0.403125 0.078125 0.18125
0 0.2765625 0.2859375 0.08046875 0.24375
0 0.33515625 0.690625 0.12734375 0.26796875
0 0.484375 0.95078125 0.13203125 0.0984375
0 0.37421875 0.90546875 0.1828125 0.1796875
0 0.44140625 0.6609375 0.09453125 0.07734375
0 0.64375 0.77890625 0.1640625 0.23359375
0 0.66484375 0.89453125 0.1546875 0.2109375
0 0.1015625 0.10546875 0.1453125 0.2109375
0 0.01640625 0.15703125 0.03203125 0.3140625
0 0.04453125 0.39296875 0.0890625 0.07734375