0 0.82890625 0.41171875 0.29609375 0.1921875
0 0.6421875 0.353125 0.12421875 0.21875
0 0.48671875 0.38828125 0.1046875 0.1578125
0 0.3375 0.4765625 0.12578125 0.14453125
0 0.4359375 0.66015625 0.15546875 0.16796875
0 0.48984375 0.95625 0.1203125 0.0875
0 0.2921875 0.82734375 0.109375 0.0953125
0 0.18515625 0.959375 0.1046875 0.08125
0 0.1265625 0.45859375 0.175 0.29140625
0 0.04609375 0.7125 0.0921875 0.1125
0 0.28828125 0.209375 0.11796875 0.1625
0 0.25 0.05625 0.125 0.1125
0 0.6390625 0.13984375 0.121875 0.2796875
0 0.95703125 0.58515625 0.0859375 0.20234375
0 0.80625 0.92578125 0.14375 0.1484375
0 0.02890625 0.39140625 0.0578125 0.22890625