0 0.28984375 0.628125 0.17421875 0.20546875
0 0.175 0.79609375 0.1921875 0.29140625
0 0.41484375 0.48515625 0.11640625 0.1640625
0 0.453125 0.8609375 0.1359375 0.278125
0 0.7 0.44609375 0.07890625 0.1578125
0 0.8765625 0.53515625 0.12578125 0.215625
0 0.73046875 0.1484375 0.1015625 0.296875
0 0.30546875 0.23828125 0.16640625 0.2765625
0 0.3734375 0.07578125 0.09296875 0.1515625
0 0.14921875 0.1125 0.14609375 0.225
0 0.0359375 0.775 0.071875 0.15625
0 0.50078125 0.29375 0.11484375 0.215625
0 0.90234375 0.0734375 0.1953125 0.146875