0 0.29609375 0.6453125 0.0859375 0.2125
0 0.3875 0.7046875 0.0625 0.1625
0 0.50390625 0.759375 0.0703125 0.1921875
0 0.56328125 0.6328125 0.0546875 0.1828125
0 0.78828125 0.8109375 0.0703125 0.23828125
0 0.59609375 0.91953125 0.0625 0.1609375
0 0.63984375 0.521875 0.08515625 0.2125
0 0.62421875 0.72578125 0.12734375 0.3046875
0 0.75859375 0.35 0.06953125 0.23515625
0 0.875 0.3953125 0.09375 0.26953125
0 0.740625 0.58984375 0.15078125 0.23046875
0 0.15234375 0.89140625 0.17265625 0.2171875
0 0.0328125 0.78828125 0.065625 0.1859375