0 0.6609375 0.6828125 0.0984375 0.19921875
0 0.846875 0.68359375 0.109375 0.19765625
0 0.71640625 0.5796875 0.0515625 0.13828125
0 0.76875 0.4640625 0.075 0.18125
0 0.83515625 0.5625 0.12265625 0.25625
0 0.63359375 0.43125 0.121875 0.2828125
0 0.53203125 0.2484375 0.14375 0.32109375
0 0.74765625 0.2515625 0.0734375 0.17578125
0 0.84921875 0.40234375 0.08046875 0.153125
0 0.875 0.4328125 0.06015625 0.08359375
0 0.9625 0.54765625 0.075 0.1609375
0 0.975 0.70625 0.05 0.13125
0 0.5359375 0.1328125 0.13515625 0.26484375
0 0.97109375 0.41875 0.0578125 0.128125