0 0.76640625 0.13203125 0.20546875 0.14765625
0 0.3671875 0.2125 0.10703125 0.07734375
0 0.6203125 0.30546875 0.1140625 0.08203125
0 0.4515625 0.27890625 0.13046875 0.11171875
0 0.4953125 0.4140625 0.10625 0.096875
0 0.22734375 0.36796875 0.12734375 0.1328125
0 0.13359375 0.5328125 0.14609375 0.1875
0 0.26796875 0.61640625 0.13828125 0.17890625
0 0.3890625 0.6796875 0.096875 0.11640625
0 0.35 0.81953125 0.10390625 0.14140625
0 0.2375 0.88828125 0.08828125 0.1515625
0 0.44453125 0.87578125 0.1140625 0.16484375
0 0.4984375 0.67265625 0.128125 0.1515625
0 0.55390625 0.4921875 0.09375 0.07421875
0 0.68671875 0.44453125 0.13359375 0.09375
0 0.47421875 0.12734375 0.09609375 0.07265625
0 0.60234375 0.12421875 0.17265625 0.1203125
0 0.84765625 0.27265625 0.21328125 0.13359375
0 0.33125 0.453125 0.10234375 0.1
0 0.4171875 0.5078125 0.0890625 0.07421875
0 0.43515625 0.01171875 0.0765625 0.02265625