0 0.56484375 0.33671875 0.203125 0.33515625
0 0.75703125 0.50234375 0.23515625 0.30234375
0 0.5828125 0.7328125 0.14921875 0.19765625
0 0.359375 0.7921875 0.09140625 0.15
0 0.11640625 0.803125 0.078125 0.16796875
0 0.240625 0.6875 0.09296875 0.184375
0 0.12265625 0.45546875 0.11171875 0.26796875
0 0.08046875 0.19453125 0.0828125 0.215625
0 0.0171875 0.4015625 0.034375 0.2265625
0 0.18046875 0.328125 0.06015625 0.11171875
0 0.33046875 0.31484375 0.15859375 0.29921875
0 0.290625 0.54765625 0.096875 0.19609375
0 0.425 0.54921875 0.10859375 0.19609375