0 0.28046875 0.16640625 0.159375 0.14296875
0 0.296875 0.41328125 0.1875 0.11484375
0 0.15703125 0.6140625 0.1984375 0.17421875
0 0.43828125 0.5515625 0.1828125 0.10859375
0 0.5515625 0.678125 0.14375 0.09375
0 0.37890625 0.828125 0.21328125 0.1828125
0 0.4953125 0.965625 0.1328125 0.06875
0 0.5953125 0.8609375 0.16640625 0.1296875
0 0.6703125 0.9578125 0.1796875 0.08203125
0 0.7578125 0.75703125 0.23671875 0.1234375
0 0.91640625 0.78515625 0.13828125 0.07890625
0 0.79609375 0.853125 0.14765625 0.0875
0 0.7921875 0.63359375 0.18515625 0.08359375
0 0.6484375 0.5078125 0.18515625 0.0921875
0 0.596875 0.31953125 0.27578125 0.16796875
0 0.70703125 0.14453125 0.28046875 0.19921875
0 0.76328125 0.36015625 0.2390625 0.11640625