0 0.19296875 0.83515625 0.140625 0.1609375
0 0.59921875 0.8109375 0.078125 0.29765625
0 0.94765625 0.6234375 0.1046875 0.1515625
0 0.70390625 0.47734375 0.09609375 0.1875
0 0.8296875 0.37109375 0.11484375 0.215625
0 0.69609375 0.2015625 0.12421875 0.29296875
0 0.80546875 0.10234375 0.08515625 0.20234375
0 0.6078125 0.0703125 0.08125 0.140625
0 0.34453125 0.1109375 0.1171875 0.221875
0 0.225 0.36484375 0.17265625 0.3125
0 0.1296875 0.5953125 0.10859375 0.30625
0 0.39140625 0.57109375 0.23359375 0.18125
0 0.5515625 0.51171875 0.1015625 0.24375
0 0.21953125 0.14296875 0.13515625 0.2859375