0 0.68671875 0.6015625 0.1453125 0.26015625
0 0.5125 0.66015625 0.1046875 0.215625
0 0.43125 0.8921875 0.09296875 0.17421875
0 0.18515625 0.5390625 0.125 0.32578125
0 0.41328125 0.48046875 0.08515625 0.2265625
0 0.546875 0.33046875 0.11796875 0.26796875
0 0.55546875 0.05078125 0.0703125 0.1015625
0 0.45625 0.1578125 0.06796875 0.184375
0 0.31484375 0.3203125 0.05546875 0.1890625
0 0.153125 0.3265625 0.06796875 0.159375
0 0.03671875 0.14765625 0.0734375 0.24375
0 0.134375 0.1203125 0.121875 0.240625
0 0.33515625 0.1640625 0.0671875 0.2109375
0 0.2921875 0.08046875 0.06953125 0.1609375