0 0.62578125 0.8765625 0.090625 0.17890625
0 0.72578125 0.7484375 0.09765625 0.21015625
0 0.640625 0.7671875 0.084375 0.178125
0 0.62265625 0.62578125 0.07734375 0.19140625
0 0.5609375 0.6890625 0.075 0.17421875
0 0.45859375 0.69140625 0.10390625 0.25078125
0 0.33125 0.715625 0.109375 0.26875
0 0.40859375 0.62265625 0.04765625 0.16171875
0 0.30546875 0.615625 0.07265625 0.22109375
0 0.4703125 0.546875 0.0640625 0.13671875
0 0.37421875 0.4875 0.0671875 0.18984375
0 0.584375 0.46640625 0.06015625 0.16171875
0 0.23046875 0.425 0.04921875 0.14765625
0 0.3015625 0.5109375 0.04609375 0.1453125
0 0.371875 0.3859375 0.07890625 0.20078125
0 0.32421875 0.44921875 0.0328125 0.08984375
0 0.4453125 0.3265625 0.09609375 0.2265625
0 0.5484375 0.33671875 0.1 0.2125
0 0.4796875 0.43125 0.0453125 0.09609375
0 0.434375 0.4890625 0.0453125 0.13828125
0 0.5359375 0.5515625 0.05625 0.1234375