0 0.5890625 0.796875 0.15546875 0.4
0 0.38359375 0.7890625 0.10859375 0.35
0 0.5015625 0.56015625 0.12421875 0.3375
0 0.5984375 0.3453125 0.08515625 0.26796875
0 0.45625 0.44453125 0.0625 0.203125
0 0.24296875 0.89453125 0.109375 0.21015625
0 0.32890625 0.62578125 0.0890625 0.31015625
0 0.28203125 0.50625 0.06015625 0.21796875
0 0.34296875 0.3875 0.065625 0.1875
0 0.33359375 0.321875 0.059375 0.2
0 0.42734375 0.30234375 0.0703125 0.22421875
0 0.12578125 0.47578125 0.0515625 0.27734375
0 0.07890625 0.565625 0.11796875 0.45703125
0 0.0640625 0.3046875 0.06484375 0.21875
0 0.0609375 0.15859375 0.05703125 0.13203125
0 0.18515625 0.30078125 0.0796875 0.31875
0 0.2875 0.18359375 0.09296875 0.32109375
0 0.8375 0.56875 0.2390625 0.46015625
0 0.778125 0.359375 0.1859375 0.40078125