0 0.21953125 0.33359375 0.1765625 0.2203125
0 0.06484375 0.2515625 0.1203125 0.1484375
0 0.06328125 0.54453125 0.1265625 0.1421875
0 0.20078125 0.87265625 0.18515625 0.17109375
0 0.52734375 0.9171875 0.15078125 0.16484375
0 0.58671875 0.6609375 0.221875 0.3125
0 0.765625 0.94296875 0.18125 0.1140625
0 0.91796875 0.7890625 0.1640625 0.14296875
0 0.928125 0.571875 0.14375 0.215625
0 0.5171875 0.41328125 0.121875 0.20390625
0 0.69609375 0.309375 0.2421875 0.13359375
0 0.42890625 0.246875 0.10390625 0.17265625
0 0.3078125 0.11875 0.12578125 0.19921875