0 0.1296875 0.484375 0.153125 0.6328125
0 0.2546875 0.490625 0.10625 0.51015625
0 0.6359375 0.79375 0.51640625 0.28125
0 0.48515625 0.42265625 0.14921875 0.4734375
0 0.83984375 0.834375 0.3171875 0.33125
0 0.71796875 0.36875 0.1296875 0.57421875
0 0.884375 0.33046875 0.16640625 0.63671875
0 0.46484375 0.334375 0.18203125 0.66796875
0 0.35234375 0.63984375 0.09140625 0.11015625
0 0.496875 0.60625 0.2765625 0.14765625
0 0.69609375 0.5703125 0.2390625 0.10703125
0 0.97109375 0.346875 0.0578125 0.61328125
0 0.03828125 0.5171875 0.06015625 0.42734375