0 0.12109375 0.6125 0.14375 0.2578125
0 0.25703125 0.49375 0.10625 0.23515625
0 0.27421875 0.35546875 0.09609375 0.23203125
0 0.378125 0.575 0.09140625 0.21875
0 0.51875 0.3671875 0.11015625 0.32890625
0 0.6578125 0.23359375 0.11484375 0.3453125
0 0.76484375 0.37890625 0.09609375 0.29296875
0 0.6375 0.5421875 0.075 0.23359375
0 0.534375 0.7015625 0.065625 0.17734375
0 0.58828125 0.87421875 0.08046875 0.1890625
0 0.4640625 0.96171875 0.0734375 0.07578125
0 0.715625 0.95703125 0.090625 0.0859375
0 0.8 0.74921875 0.10859375 0.284375
0 0.88984375 0.6453125 0.07734375 0.2421875
0 0.2984375 0.80078125 0.14375 0.27109375
0 0.959375 0.91484375 0.08125 0.16953125