0 0.2 0.74921875 0.10390625 0.19765625
0 0.190625 0.971875 0.0984375 0.05625
0 0.3828125 0.6734375 0.10234375 0.2546875
0 0.5828125 0.87109375 0.09296875 0.23671875
0 0.75703125 0.8984375 0.20078125 0.11484375
0 0.79296875 0.42734375 0.08359375 0.246875
0 0.66875 0.5171875 0.0515625 0.16796875
0 0.5046875 0.5828125 0.075 0.1953125
0 0.3640625 0.31328125 0.07265625 0.20390625
0 0.178125 0.49296875 0.159375 0.14765625
0 0.29765625 0.57578125 0.06328125 0.1640625
0 0.51796875 0.415625 0.17421875 0.13828125
0 0.54765625 0.17890625 0.140625 0.35703125
0 0.7609375 0.1421875 0.14765625 0.284375
0 0.5609375 0.7140625 0.07265625 0.17578125
0 0.53125 0.97578125 0.046875 0.0484375