0 0.48828125 0.4953125 0.08125 0.18359375
0 0.61796875 0.4453125 0.10234375 0.2125
0 0.69140625 0.67421875 0.08359375 0.1515625
0 0.88046875 0.26171875 0.13046875 0.2234375
0 0.06640625 0.28515625 0.1328125 0.3703125
0 0.2359375 0.12421875 0.08828125 0.2484375
0 0.35390625 0.7984375 0.096875 0.2671875
0 0.7796875 0.86171875 0.16484375 0.196875
0 0.3515625 0.48984375 0.08125 0.27109375
0 0.4671875 0.09765625 0.06796875 0.1953125
0 0.5109375 0.253125 0.10078125 0.25546875
0 0.14453125 0.54140625 0.07265625 0.1515625