0 0.4265625 0.3265625 0.09375 0.2375
0 0.40546875 0.53125 0.0796875 0.19453125
0 0.29765625 0.73828125 0.04765625 0.1265625
0 0.403125 0.68828125 0.040625 0.10625
0 0.44921875 0.83203125 0.0484375 0.11796875
0 0.50078125 0.7234375 0.0671875 0.15859375
0 0.60859375 0.67265625 0.06640625 0.1234375
0 0.534375 0.60859375 0.0484375 0.11796875
0 0.64296875 0.415625 0.0609375 0.15234375
0 0.53671875 0.49921875 0.053125 0.128125
0 0.61640625 0.9046875 0.07109375 0.12890625
0 0.55546875 0.978125 0.06796875 0.04296875
0 0.6671875 0.78046875 0.05546875 0.10546875
0 0.79453125 0.8390625 0.08515625 0.12421875
0 0.75234375 0.95859375 0.0984375 0.0828125
0 0.9140625 0.8953125 0.09921875 0.13359375
0 0.7984375 0.68125 0.0921875 0.159375
0 0.6640625 0.5984375 0.04375 0.109375
0 0.9515625 0.77265625 0.096875 0.1515625
0 0.52578125 0.21875 0.10546875 0.23671875