0 0.28515625 0.521875 0.11484375 0.26640625
0 0.42578125 0.428125 0.08359375 0.23984375
0 0.5359375 0.52421875 0.078125 0.221875
0 0.440625 0.7296875 0.125 0.27265625
0 0.590625 0.93984375 0.0703125 0.1203125
0 0.72265625 0.8609375 0.075 0.20078125
0 0.8453125 0.96015625 0.090625 0.0796875
0 0.94375 0.7734375 0.1125 0.2828125
0 0.80703125 0.54140625 0.078125 0.246875
0 0.94375 0.39375 0.10625 0.30234375
0 0.45390625 0.29453125 0.07734375 0.22890625
0 0.69453125 0.34140625 0.09375 0.3375
0 0.85078125 0.22421875 0.128125 0.35
0 0.68046875 0.675 0.0625 0.17734375