0 0.025 0.43359375 0.05 0.20546875
0 0.55078125 0.85859375 0.121875 0.246875
0 0.5828125 0.50078125 0.090625 0.2265625
0 0.25703125 0.3640625 0.09140625 0.2875
0 0.46953125 0.6671875 0.0671875 0.16640625
0 0.328125 0.54921875 0.05859375 0.19296875
0 0.35703125 0.66328125 0.07421875 0.18125
0 0.0703125 0.621875 0.07421875 0.21328125
0 0.409375 0.47578125 0.07109375 0.19609375
0 0.59375 0.25078125 0.15 0.31328125
0 0.41640625 0.246875 0.1359375 0.3265625
0 0.18671875 0.578125 0.0828125 0.26171875
0 0.41875 0.94453125 0.078125 0.1109375
0 0.328125 0.815625 0.05625 0.171875
0 0.1703125 0.84140625 0.06953125 0.20703125
0 0.18515625 0.94375 0.11796875 0.1125
0 0.01640625 0.86875 0.0328125 0.215625
0 0.153125 0.4921875 0.046875 0.15546875