0 0.203125 0.78671875 0.1828125 0.284375
0 0.37421875 0.8359375 0.14375 0.23671875
0 0.296875 0.975 0.084375 0.05
0 0.1703125 0.9796875 0.09453125 0.03984375
0 0.59375 0.82109375 0.125 0.1875
0 0.8484375 0.47734375 0.078125 0.26796875
0 0.72109375 0.49296875 0.06484375 0.17734375
0 0.5734375 0.45703125 0.08515625 0.19375
0 0.5328125 0.56328125 0.0859375 0.1859375
0 0.4578125 0.65390625 0.125 0.2515625
0 0.33203125 0.4296875 0.096875 0.19609375
0 0.190625 0.59609375 0.13515625 0.23671875
0 0.440625 0.4515625 0.10703125 0.2515625
0 0.6265625 0.2171875 0.07265625 0.19609375
0 0.715625 0.36953125 0.0828125 0.17421875
0 0.80625 0.17109375 0.15078125 0.3421875
0 0.9796875 0.21953125 0.03984375 0.32890625
0 0.45390625 0.2921875 0.07109375 0.15
0 0.11875 0.70859375 0.1125 0.25
0 0.47421875 0.37109375 0.07109375 0.15