0 0.26796875 0.8640625 0.1359375 0.271875
0 0.25390625 0.78984375 0.090625 0.190625
0 0.07109375 0.69140625 0.128125 0.3734375
0 0.25390625 0.64453125 0.090625 0.3421875
0 0.16875 0.49375 0.1125 0.45546875
0 0.20234375 0.36171875 0.0703125 0.2265625
0 0.359375 0.515625 0.0578125 0.26015625
0 0.5203125 0.49296875 0.1953125 0.1234375
0 0.65546875 0.5328125 0.0828125 0.36015625
0 0.553125 0.83671875 0.23125 0.26015625
0 0.01171875 0.4078125 0.0234375 0.10390625
0 0.8234375 0.6234375 0.29609375 0.753125
0 0.9375 0.85078125 0.125 0.2953125