0 0.29375 0.3828125 0.29609375 0.20078125
0 0.56796875 0.6125 0.18984375 0.1
0 0.7578125 0.475 0.1921875 0.22890625
0 0.82734375 0.6515625 0.16328125 0.1640625
0 0.92265625 0.7859375 0.15390625 0.1484375
0 0.7328125 0.134375 0.19375 0.26875
0 0.45625 0.15234375 0.11015625 0.26015625
0 0.56953125 0.09921875 0.1515625 0.14140625
0 0.64921875 0.353125 0.153125 0.2484375
0 0.81875 0.95703125 0.153125 0.0859375
0 0.94375 0.5859375 0.1125 0.20859375
0 0.88125 0.115625 0.2375 0.159375
0 0.921875 0.19453125 0.15625 0.2328125