0 0.08203125 0.15546875 0.09296875 0.3109375
0 0.1765625 0.15546875 0.10546875 0.3109375
0 0.2796875 0.1578125 0.109375 0.31484375
0 0.384375 0.1578125 0.1109375 0.31484375
0 0.48359375 0.16015625 0.11171875 0.31953125
0 0.58203125 0.1546875 0.1078125 0.309375
0 0.684375 0.1515625 0.10859375 0.303125
0 0.7859375 0.1484375 0.08984375 0.29609375
0 0.89140625 0.15234375 0.09921875 0.3046875
0 0.96953125 0.15234375 0.0609375 0.3046875
0 0.9796875 0.56796875 0.040625 0.31484375
0 0.91796875 0.54296875 0.109375 0.340625
0 0.82421875 0.5375 0.1 0.32109375
0 0.73828125 0.54765625 0.07890625 0.3296875
0 0.66015625 0.53984375 0.0765625 0.32578125
0 0.58671875 0.54296875 0.0765625 0.33203125
0 0.5109375 0.5546875 0.07265625 0.30859375
0 0.43828125 0.55546875 0.07109375 0.2984375
0 0.36875 0.5671875 0.06875 0.25390625
0 0.29296875 0.57421875 0.08125 0.246875
0 0.2234375 0.57109375 0.07265625 0.25859375
0 0.14453125 0.54140625 0.07890625 0.30078125
0 0.07109375 0.57109375 0.06875 0.24609375
0 0.01640625 0.56484375 0.0328125 0.26171875
0 0.046875 0.85703125 0.0765625 0.15625
0 0.1234375 0.86015625 0.065625 0.14140625
0 0.18671875 0.85546875 0.0625 0.14921875
0 0.253125 0.85625 0.08046875 0.1390625
0 0.325 0.8578125 0.07734375 0.14453125
0 0.40234375 0.859375 0.07578125 0.1359375
0 0.484375 0.86171875 0.090625 0.13671875
0 0.565625 0.86640625 0.08125 0.13203125
0 0.64609375 0.8640625 0.08203125 0.1359375
0 0.72734375 0.86484375 0.0875 0.13046875
0 0.90546875 0.86875 0.0734375 0.1140625
0 0.97265625 0.871875 0.0546875 0.12421875