0 0.0390625 0.15390625 0.078125 0.30703125
0 0.21484375 0.1484375 0.090625 0.296875
0 0.11640625 0.15 0.0984375 0.3
0 0.3140625 0.1515625 0.09296875 0.303125
0 0.42265625 0.15234375 0.11953125 0.3046875
0 0.52578125 0.15703125 0.08828125 0.3140625
0 0.6203125 0.15234375 0.1015625 0.3046875
0 0.72578125 0.15703125 0.096875 0.3140625
0 0.821875 0.15546875 0.0921875 0.31015625
0 0.91328125 0.15546875 0.08203125 0.31015625
0 0.9796875 0.1546875 0.040625 0.309375
0 0.08046875 0.5375 0.09921875 0.3328125
0 0.17890625 0.53984375 0.103125 0.32890625
0 0.26875 0.54140625 0.07265625 0.33046875
0 0.3421875 0.54609375 0.075 0.34140625
0 0.4171875 0.54296875 0.07265625 0.33515625
0 0.49140625 0.5609375 0.06953125 0.296875
0 0.5609375 0.55625 0.0703125 0.2921875
0 0.6328125 0.57734375 0.07421875 0.246875
0 0.7078125 0.575 0.07734375 0.25546875
0 0.78359375 0.575 0.07734375 0.25078125
0 0.85703125 0.54140625 0.08125 0.328125
0 0.93125 0.56953125 0.0703125 0.25390625
0 0.94921875 0.85390625 0.06640625 0.15703125
0 0.884375 0.8578125 0.05859375 0.14765625
0 0.8171875 0.85703125 0.065625 0.1453125
0 0.75 0.859375 0.0734375 0.14296875
0 0.68125 0.86015625 0.06171875 0.1421875
0 0.5984375 0.8609375 0.0609375 0.1421875
0 0.52109375 0.86484375 0.0828125 0.13671875
0 0.440625 0.865625 0.08515625 0.1328125
0 0.3578125 0.865625 0.08125 0.13125
0 0.27578125 0.86875 0.09453125 0.13203125
0 0.09921875 0.8703125 0.0953125 0.12109375
0 0.02890625 0.8703125 0.0578125 0.1328125
0 0.19296875 0.8671875 0.0703125 0.12578125