0 0.51875 0.54375 0.36953125 0.6953125
0 0.09609375 0.28984375 0.0921875 0.2125
0 0.18515625 0.29453125 0.0859375 0.209375
0 0.27578125 0.29296875 0.0765625 0.2
0 0.34453125 0.30625 0.05703125 0.2
0 0.5515625 0.29609375 0.06796875 0.13671875
0 0.6203125 0.3328125 0.0765625 0.2046875
0 0.69765625 0.34296875 0.071875 0.2078125
0 0.790625 0.58046875 0.08828125 0.190625
0 0.87578125 0.5859375 0.07890625 0.18828125
0 0.70859375 0.56015625 0.0828125 0.16484375
0 0.27265625 0.5078125 0.065625 0.1234375
0 0.215625 0.4953125 0.04609375 0.1234375
0 0.175 0.69453125 0.0734375 0.1234375
0 0.23515625 0.6921875 0.034375 0.103125
0 0.2796875 0.68125 0.04296875 0.0765625
0 0.740625 0.7828125 0.06328125 0.16484375
0 0.6625 0.95859375 0.0875 0.0828125
0 0.571875 0.9515625 0.08203125 0.09609375
0 0.490625 0.9484375 0.08125 0.103125
0 0.41171875 0.94375 0.0703125 0.11171875
0 0.3265625 0.94453125 0.078125 0.1109375