0 0.94453125 0.26328125 0.1109375 0.42890625
0 0.0265625 0.69921875 0.053125 0.38515625
0 0.67890625 0.3296875 0.12109375 0.55859375
0 0.046875 0.296875 0.09375 0.4453125
0 0.1609375 0.36640625 0.22421875 0.65390625
0 0.38671875 0.68984375 0.1640625 0.60390625
0 0.9015625 0.70625 0.1765625 0.584375
0 0.1140625 0.71953125 0.16015625 0.5609375
0 0.6609375 0.73671875 0.19375 0.52578125
0 0.253125 0.5578125 0.11015625 0.47421875
0 0.36484375 0.28984375 0.19296875 0.53203125
0 0.5625 0.453125 0.18984375 0.7546875
0 0.82421875 0.35234375 0.240625 0.65078125