0 0.8859375 0.13359375 0.11328125 0.04375
0 0.8109375 0.2046875 0.16171875 0.0546875
0 0.83671875 0.26875 0.2375 0.078125
0 0.515625 0.47734375 0.37890625 0.1875
0 0.18671875 0.396875 0.2515625 0.1875
0 0.259375 0.63828125 0.3671875 0.1546875
0 0.37578125 0.7890625 0.4203125 0.18671875
0 0.846875 0.3390625 0.13671875 0.0578125
0 0.5984375 0.26015625 0.121875 0.09921875
0 0.49765625 0.30703125 0.1046875 0.10078125
0 0.45078125 0.3296875 0.11640625 0.05234375
0 0.67109375 0.690625 0.39140625 0.2546875
0 0.2296875 0.51875 0.10859375 0.109375