0 0.71953125 0.09453125 0.2140625 0.1890625
0 0.35390625 0.3453125 0.184375 0.3046875
0 0.18828125 0.4109375 0.30546875 0.2546875
0 0.91953125 0.39140625 0.1 0.3703125
0 0.50859375 0.4109375 0.11171875 0.30546875
0 0.81171875 0.403125 0.09609375 0.346875
0 0.74453125 0.50078125 0.08671875 0.3015625
0 0.38359375 0.58359375 0.15390625 0.3171875
0 0.92890625 0.61640625 0.1390625 0.18984375
0 0.4984375 0.6375 0.10234375 0.36015625
0 0.659375 0.71953125 0.23046875 0.18515625
0 0.4171875 0.7359375 0.165625 0.3078125
0 0.12109375 0.746875 0.2421875 0.16015625
0 0.7890625 0.81640625 0.27109375 0.13359375
0 0.5390625 0.85859375 0.21796875 0.1046875
0 0.715625 0.10078125 0.00859375 0.00234375
0 0.49765625 0.1015625 0.24765625 0.18828125
0 0.715625 0.16171875 0.2046875 0.12265625
0 0.25546875 0.58515625 0.11796875 0.27109375