0 0.0421875 0.1828125 0.08359375 0.23671875
0 0.10859375 0.190625 0.08828125 0.23515625
0 0.16328125 0.18359375 0.0890625 0.23046875
0 0.21328125 0.15703125 0.08515625 0.28046875
0 0.27265625 0.16328125 0.0734375 0.2875
0 0.3390625 0.16484375 0.07265625 0.296875
0 0.39921875 0.16015625 0.06015625 0.29296875
0 0.45859375 0.1625 0.053125 0.303125
0 0.03984375 0.4546875 0.0796875 0.23046875
0 0.08828125 0.4546875 0.09609375 0.22109375
0 0.1390625 0.4515625 0.09140625 0.22109375
0 0.1953125 0.45546875 0.08515625 0.2296875
0 0.24375 0.45625 0.0734375 0.22109375
0 0.303125 0.45625 0.06484375 0.23203125
0 0.35859375 0.46328125 0.06484375 0.2203125
0 0.41328125 0.4609375 0.05390625 0.22265625
0 0.465625 0.46015625 0.03984375 0.2234375
0 0.0859375 0.68515625 0.065625 0.17421875
0 0.13671875 0.6890625 0.03359375 0.18046875
0 0.178125 0.69375 0.0453125 0.1875
0 0.2265625 0.7 0.05 0.2
0 0.27578125 0.70078125 0.0546875 0.19609375
0 0.32265625 0.70390625 0.04296875 0.1890625
0 0.3734375 0.703125 0.0421875 0.17890625
0 0.42421875 0.70625 0.0515625 0.18828125
0 0.46796875 0.70546875 0.03515625 0.184375
0 0.1140625 0.89140625 0.05390625 0.146875
0 0.1625 0.89375 0.04453125 0.1359375
0 0.203125 0.8875 0.0390625 0.13125
0 0.24609375 0.9 0.04765625 0.1515625
0 0.29453125 0.89921875 0.04921875 0.15703125
0 0.340625 0.9015625 0.04453125 0.15078125
0 0.38359375 0.90390625 0.04453125 0.1609375
0 0.428125 0.903125 0.04140625 0.15546875
0 0.46640625 0.90078125 0.03515625 0.15390625
0 0.6046875 0.19296875 0.03359375 0.30859375
0 0.9515625 0.21328125 0.0796875 0.28515625
0 0.65625 0.19140625 0.065625 0.30234375
0 0.71328125 0.2046875 0.046875 0.26328125
0 0.7734375 0.2046875 0.05859375 0.2953125
0 0.83515625 0.21171875 0.059375 0.2953125
0 0.89453125 0.21484375 0.0546875 0.29140625
0 0.98125 0.50703125 0.0375 0.21328125
0 0.9359375 0.503125 0.05 0.1953125
0 0.87109375 0.5125 0.08671875 0.2046875
0 0.77578125 0.5203125 0.05859375 0.20625
0 0.84375 0.49765625 0.0703125 0.19765625
0 0.7234375 0.5125 0.05234375 0.19375
0 0.6734375 0.51796875 0.0546875 0.20703125
0 0.6140625 0.52265625 0.0609375 0.20625
0 0.609375 0.72734375 0.05078125 0.16875
0 0.65859375 0.72578125 0.0453125 0.159375
0 0.746875 0.72734375 0.0625 0.1703125
0 0.80078125 0.72421875 0.04765625 0.1625
0 0.85 0.71953125 0.0484375 0.1578125
0 0.8984375 0.71953125 0.0453125 0.16484375
0 0.94375 0.715625 0.04375 0.165625
0 0.56953125 0.91875 0.021875 0.1609375
0 0.6046875 0.91953125 0.04453125 0.16015625
0 0.64765625 0.9296875 0.0375 0.13515625
0 0.68515625 0.9125 0.0453125 0.1640625
0 0.7328125 0.90859375 0.0484375 0.1578125
0 0.77734375 0.909375 0.0375 0.1625
0 0.82109375 0.91171875 0.0484375 0.165625