0 0.82734375 0.76328125 0.05390625 0.1671875
0 0.5671875 0.80078125 0.13984375 0.1484375
0 0.090625 0.80546875 0.00078125 0.0921875
0 0.62421875 0.87890625 0.25078125 0.1046875
0 0.45546875 0.95546875 0.08046875 0.0890625
0 0.9515625 0.09453125 0.096875 0.1890625
0 0.45 0.10390625 0.1546875 0.20390625
0 0.775 0.10859375 0.03515625 0.13046875
0 0.359375 0.015625 0.05859375 0.03125
0 0.60546875 0.3609375 0.19453125 0.15546875
0 0.853125 0.3609375 0.0703125 0.15078125
0 0.50546875 0.03671875 0.0390625 0.06796875
0 0.76171875 0.38515625 0.1484375 0.2203125
0 0.65390625 0.04375 0.06796875 0.0875
0 0.175 0.4453125 0.07421875 0.1640625
0 0.965625 0.5171875 0.06875 0.16015625
0 0.87890625 0.56015625 0.10078125 0.16015625
0 0.02421875 0.58046875 0.0484375 0.18359375
0 0.76015625 0.584375 0.0734375 0.1359375
0 0.69296875 0.60625 0.06796875 0.26171875
0 0.296875 0.821875 0.175 0.08203125
0 0.340625 0.71171875 0.25546875 0.109375
0 0.50625 0.73125 0.1796875 0.2484375
0 0.2640625 0.55546875 0.1578125 0.2296875
0 0.0890625 0.478125 0.11171875 0.18046875
0 0.16953125 0.2625 0.0765625 0.1890625
0 0.24609375 0.34765625 0.07109375 0.16328125
0 0.11484375 0.16328125 0.1234375 0.17578125
0 0.05703125 0.1578125 0.1140625 0.19375
0 0.115625 0.0296875 0.05234375 0.05859375
0 0.21171875 0.0953125 0.071875 0.13828125
0 0.296875 0.09140625 0.0953125 0.10390625
0 0.3 0.0359375 0.11171875 0.071875
0 0.2515625 0.19296875 0.07890625 0.096875
0 0.3203125 0.1890625 0.16171875 0.15234375
0 0.35078125 0.27734375 0.1140625 0.1984375
0 0.3859375 0.43125 0.10859375 0.06484375
0 0.44921875 0.60859375 0.16015625 0.09140625
0 0.61171875 0.6859375 0.0953125 0.178125
0 0.55546875 0.5890625 0.15859375 0.11953125
0 0.71171875 0.97578125 0.11640625 0.0484375
0 0.81640625 0.953125 0.059375 0.09375
0 0.89609375 0.93359375 0.0828125 0.07578125
0 0.87890625 0.8453125 0.10546875 0.13828125
0 0.6328125 0.4859375 0.0953125 0.06171875
0 0.96328125 0.3984375 0.0734375 0.215625
0 0.92578125 0.375 0.07890625 0.1
0 0.92890625 0.290625 0.05234375 0.0671875
0 0.9140625 0.22421875 0.05 0.06171875
0 0.871875 0.2765625 0.090625 0.1609375
0 0.765625 0.23359375 0.1890625 0.14140625
0 0.67265625 0.24375 0.16796875 0.17109375
0 0.49609375 0.375 0.14453125 0.18515625
0 0.5171875 0.265625 0.06484375 0.10703125
0 0.49140625 0.2140625 0.0875 0.1328125
0 0.53828125 0.05546875 0.07265625 0.1109375
0 0.57109375 0.19453125 0.0859375 0.20703125
0 0.625 0.153125 0.08046875 0.16171875
0 0.66796875 0.12734375 0.05078125 0.12578125
0 0.71875 0.08046875 0.07109375 0.16015625
0 0.84609375 0.05078125 0.1390625 0.10078125
0 0.7828125 0.03046875 0.08203125 0.0609375
0 0.84296875 0.534375 0.109375 0.159375