0 0.4546875 0.09921875 0.0109375 0.0109375
0 0.36015625 0.30234375 0.07734375 0.09453125
0 0.18125 0.33828125 0.06328125 0.09921875
0 0.390625 0.346875 0.065625 0.03125
0 0.1375 0.34921875 0.090625 0.06640625
0 0.540625 0.36171875 0.05859375 0.11484375
0 0.0671875 0.3828125 0.11328125 0.07734375
0 0.38515625 0.38671875 0.071875 0.0671875
0 0.31171875 0.403125 0.13203125 0.06953125
0 0.1609375 0.5171875 0.05390625 0.16015625
0 0.40703125 0.54921875 0.090625 0.0609375
0 0.46015625 0.5609375 0.1046875 0.0609375
0 0.0546875 0.578125 0.046875 0.09140625
0 0.56875 0.603125 0.06171875 0.13203125
0 0.459375 0.61328125 0.10078125 0.07421875
0 0.3296875 0.67109375 0.09375 0.18046875
0 0.53125 0.67734375 0.13125 0.11171875
0 0.603125 0.70546875 0.08515625 0.16640625
0 0.43984375 0.70234375 0.1640625 0.10859375
0 0.10390625 0.7296875 0.0390625 0.1703125
0 0.4421875 0.846875 0.159375 0.30625
0 0.59765625 0.92734375 0.1625 0.14453125
0 0.165625 0.259375 0.04375 0.03671875
0 0.228125 0.24921875 0.0453125 0.02734375
0 0.2265625 0.32265625 0.0265625 0.0546875
0 0.24296875 0.40625 0.08046875 0.05
0 0.36875 0.59140625 0.071875 0.0875
0 0.459375 0.36796875 0.03671875 0.0421875
0 0.446875 0.28984375 0.0375 0.04453125
0 0.4265625 0.31953125 0.04140625 0.03828125
0 0.4125 0.33046875 0.05 0.02890625
0 0.36171875 0.97578125 0.09765625 0.0484375
0 0.3453125 0.83828125 0.07734375 0.2421875
0 0.28046875 0.8640625 0.08515625 0.271875
0 0.184375 0.93203125 0.14765625 0.1359375
0 0.21640625 0.78125 0.06484375 0.21640625
0 0.16484375 0.8296875 0.08359375 0.25390625
0 0.06484375 0.8859375 0.1296875 0.1375
0 0.04453125 0.78828125 0.08828125 0.1203125
0 0.20625 0.64921875 0.175 0.203125
0 0.10859375 0.55390625 0.06015625 0.12421875
0 0.184375 0.57109375 0.071875 0.0859375
0 0.2484375 0.45703125 0.10546875 0.05546875
0 0.075 0.471875 0.09296875 0.07734375
0 0.1578125 0.4234375 0.1015625 0.1
0 0.490625 0.35390625 0.0609375 0.04296875
0 0.09921875 0.26171875 0.0484375 0.04921875