1 0.9017773046875 0.7757376921875 0.8773363109375 0.6649258875 0.8168917109375 0.6580096640625 0.7738646609375001 0.7725281078124999 0.9017773046875 0.7757376921875
1 0.7150223828125 0.6738150093749999 0.6607098953125 0.6513760578125 0.61726385625 0.6779697859375 0.602023753125 0.76757489375 0.7279491796875 0.7727035109375 0.7150223828125 0.6738150093749999
1 0.433407259375 0.8017523609375001 0.5534733093749999 0.8067787031250001 0.5449982343750001 0.676708384375 0.519091284375 0.6498809578125 0.484928646875 0.648307784375 0.44518430468750003 0.6866884468750001 0.433407259375 0.8017523609375001
1 0.88221145625 0.3856290109375 0.821835040625 0.3748065390625 0.806073671875 0.382346303125 0.778910265625 0.48346560937499994 0.904869784375 0.48664110000000005 0.88221145625 0.3856290109375
1 0.708349240625 0.3845479546875 0.6597256671875 0.371976909375 0.6360836140624999 0.383286553125 0.6064216109375 0.5156217703125 0.7303939140625 0.5207162921874999 0.708349240625 0.3845479546875
1 0.5364401484375 0.383500990625 0.481957196875 0.3708276703125 0.46009781250000004 0.3919370328125 0.43400114062500006 0.54387168125 0.558007534375 0.5470130765625 0.5364401484375 0.383500990625
1 0.366518271875 0.38053499375 0.3081290734375 0.3677934890625 0.2864401484375 0.379137225 0.26164885312499997 0.5682153421875 0.3837021234375 0.571322646875 0.366518271875 0.38053499375
1 0.1946773640625 0.3755817796875 0.1303947 0.3646911234375 0.11247565625 0.3839155453125 0.08963748593750001 0.57302775 0.2097035390625 0.5780540937499999 0.1946773640625 0.3755817796875
1 0.1992797734375 0.11190990468749999 0.134997109375 0.10101924843750001 0.11721443281249999 0.112431171875 0.0923208625 0.307368659375 0.21632725625 0.310510059375 0.1992797734375 0.11190990468749999
1 0.37307380625 0.1168972140625 0.31273148281249996 0.1041216140625 0.2909402828125 0.1213247265625 0.26638763125 0.2967309640625 0.3884409 0.29983827343749997 0.37307380625 0.1168972140625
1 0.5429956812500001 0.1198632109375 0.4924530765625 0.10530494531250001 0.46490477343750003 0.11654640624999998 0.436718609375 0.2762594640625 0.564597159375 0.28142216875 0.5429956812500001 0.1198632109375
1 0.714802496875 0.12676955 0.656515575 0.1081686671875 0.6386647140624999 0.123486840625 0.6086617921874999 0.2753533 0.73654034375 0.280516009375 0.714802496875 0.12676955
1 0.8886988062500001 0.12589748125 0.8537812015625 0.11161195156249999 0.8106760828124999 0.1186744265625 0.785675296875 0.2637901828125 0.9117029984375 0.2630594234375 0.8886988062500001 0.12589748125