1 0.8431039015625 0.667650665625 0.804770384375 0.78169160625 0.932722803125 0.78639054375 0.9037871546874999 0.6752717734375 0.8431039015625 0.667650665625
1 0.6444306640625 0.6852914890624999 0.632849925 0.7747374296875 0.758894678125 0.7813326625 0.7419505359375 0.6822736234375 0.6867629828124999 0.6591980015625001 0.6444306640625 0.6852914890624999
1 0.5721650421875 0.6831887734375 0.5451841484375 0.6560543812499999 0.5109817343749999 0.6540832890625 0.4728284203125 0.6920091890625 0.465744909375 0.8069594109375 0.5859302859375 0.8133841531250001 0.5721650421875 0.6831887734375
1 0.8210691140625 0.3918053984375 0.7980423812499999 0.49262910781249997 0.924041675 0.4972712125 0.8972864484375 0.395974896875 0.8365122749999999 0.384447540625 0.8210691140625 0.3918053984375
1 0.6512381578124999 0.390767425 0.6269856515625001 0.5227843062499999 0.75107728125 0.5293227046875 0.723503784375 0.3928701390625 0.6744029015625 0.37973063906250004 0.6512381578124999 0.390767425
1 0.47572966406250006 0.3973714640625 0.45583800312499995 0.5490332546875 0.5798841734375 0.5536185265625 0.55167424375 0.38982221250000004 0.49671398437500003 0.376512221875 0.47572966406250006 0.3973714640625
1 0.30167424375 0.38254795625 0.28459943593750003 0.571375953125 0.40669248125 0.5759043968750001 0.3817523671875 0.384877990625 0.3228858609375 0.371454340625 0.30167424375 0.38254795625
1 0.12802795625000002 0.385302575 0.1129062734375 0.5741874 0.23309165312500002 0.5806121421875 0.2098319078125 0.3779238140625 0.1451514875 0.3662827984375 0.12802795625000002 0.385302575
1 0.12170908750000001 0.1138182015625 0.10477065781249999 0.30850556875 0.22881682812499998 0.313090846875 0.20369487656250002 0.1142519390625 0.13901445625 0.1026109234375 0.12170908750000001 0.1138182015625
1 0.295673590625 0.12473545781249999 0.2782805671875 0.299891575 0.4003736125 0.30442002343749996 0.37756846093749996 0.12126295000000001 0.3167488296875 0.107782465625 0.295673590625 0.12473545781249999
1 0.46931987656249996 0.1219808375 0.44765692812499996 0.28139829843749997 0.57565480625 0.2880503578125 0.5474903359375001 0.126207171875 0.496390871875 0.1110577125 0.46931987656249996 0.1219808375
1 0.6432389203125 0.1309449734375 0.619441009375 0.2824930984375 0.7474388875 0.2891451609375 0.7194562546875 0.1351144734375 0.6604533703125 0.11583144375000001 0.6432389203125 0.1309449734375
1 0.8149320828125 0.128133521875 0.7958578765625 0.2729877890625 0.9217662515624999 0.27372364375 0.8931934609375001 0.1362661046875 0.857718996875 0.12157128749999999 0.8149320828125 0.128133521875