1 0.171875 0.3564453109375 0.2128906265625 0.2412109375 0.0849609375 0.2402343734375 0.111328125 0.3505859375 0.171875 0.3564453109375
1 0.2587890625 0.2402343734375 0.2734375015625 0.3388671859375 0.328125 0.3603515640625 0.3710937515625 0.3330078140625 0.3847656265625 0.2431640625 0.2587890625 0.2402343734375
1 0.5527343734375 0.2060546890625 0.4326171859375 0.203125 0.4433593734375 0.3330078140625 0.4697265640625 0.359375 0.5039062484375 0.3603515640625 0.5429687515625 0.3212890625 0.5527343734375 0.2060546890625
1 0.0869140625 0.529296875 0.111328125 0.6298828140625 0.171875 0.6396484359375 0.1875 0.6318359375 0.2128906265625 0.5302734359375 0.0869140625 0.529296875
1 0.2607421859375 0.4921875015625 0.2851562484375 0.6279296890625 0.3339843734375 0.6396484359375 0.357421875 0.6279296890625 0.3847656265625 0.4951171859375 0.2607421859375 0.4921875015625
1 0.4326171859375 0.4628906265625 0.4570312484375 0.6259765640625 0.5117187515625 0.6376953109375 0.533203125 0.6162109375 0.5566406265625 0.4638671859375 0.4326171859375 0.4628906265625
1 0.6064453109375 0.435546875 0.626953125 0.6259765640625 0.685546875 0.6376953109375 0.7070312484375 0.6259765640625 0.7285156265625 0.4365234359375 0.6064453109375 0.435546875
1 0.7802734359375 0.4257812484375 0.798828125 0.6279296890625 0.8632812484375 0.6376953109375 0.8808593734375 0.6181640625 0.9003906265625 0.4287109375 0.7802734359375 0.4257812484375
1 0.7783203109375 0.6933593734375 0.798828125 0.8916015640625 0.8632812484375 0.9013671859375 0.8808593734375 0.8896484359375 0.9023437515625 0.6943359375 0.7783203109375 0.6933593734375
1 0.6064453109375 0.7070312484375 0.625 0.8896484359375 0.685546875 0.9013671859375 0.7070312484375 0.8837890625 0.7285156265625 0.7080078140625 0.6064453109375 0.7070312484375
1 0.4306640625 0.7285156265625 0.455078125 0.8896484359375 0.5058593734375 0.9033203109375 0.533203125 0.8916015640625 0.5585937515625 0.7314453109375 0.4306640625 0.7285156265625
1 0.2587890625 0.732421875 0.283203125 0.8857421859375 0.341796875 0.9033203109375 0.359375 0.8876953109375 0.3867187515625 0.7353515640625 0.2587890625 0.732421875
1 0.08398437343750001 0.7529296890625 0.109375 0.8896484359375 0.1445312484375 0.9033203109375 0.1875 0.8955078140625 0.2099609375 0.75 0.08398437343750001 0.7529296890625